#  orderOfFe  i      t         max |u_analytic|  max |error_u|  max |error_rho|   ||error_u||_2   ||error_rho||_2	# order of FE   dt        init time (sec)             loop time (sec)         time for one iteration (sec)
# dt = 0.128	# dt = 0.128
4 312 39.936 0.0288675 0.00228221 1.71728e-09 0.000102112 8.06468e-11	4         0.128      0.011966     0.656023        0.00210264
6 312 39.936 0.0288675 0.0055974 4.73326e-10 0.000135268 8.54655e-12	6         0.128      0.035788     5.73476        0.0183806
8 312 39.936 0.0288675 0.00464981 2.87295e-09 9.43761e-05 3.88922e-11	8         0.128      0.092146     158.055        0.506588
	
# dt = 0.064	# dt = 0.064
4 625 40 0.0288675 0.00117267 6.85008e-14 5.23222e-05 8.34391e-15	4         0.064      0.009565     0.818287        0.00130926
6 625 40 0.0288675 0.00254304 8.68246e-10 6.12991e-05 1.64582e-11	6         0.064      0.028095     5.30543        0.00848869
8 625 40 0.0288675 0.000847784 7.01544e-10 1.721e-05 7.24425e-12	8         0.064      0.087642     99.6482        0.159437
10 625 40 0.0288675 0.00181328 3.92454e-10 2.05087e-05 2.59073e-12	10         0.064      0.24691     337.566        0.540105
	
# dt = 0.032	# dt = 0.032
4 1250 40 0.0288675 0.000865008 1.36779e-13 3.87305e-05 1.64957e-14	4         0.032      0.00993     1.11188        0.000889505
6 1250 40 0.0288675 0.00156283 1.45772e-13 3.79609e-05 1.17126e-14	6         0.032      0.028843     6.81171        0.00544937
8 1250 40 0.0288675 0.000161857 1.47549e-13 3.6337e-06 8.64077e-15	8         0.032      0.088999     99.6746        0.0797397
10 1250 40 0.0288675 0.000666025 8.16047e-10 8.4634e-06 6.32321e-12	10         0.032      0.246953     317.465        0.253972
12 1250 40 0.0288675 0.000449312 2.36842e-09 5.20156e-06 1.06995e-11	12         0.032      0.630319     744.819        0.595855
14 1250 40 0.0288675 0.00060226 1.94367e-08 4.50738e-06 3.73931e-11	14         0.032      1.59238     1700.61        1.36049
	
# dt = 0.016	# dt = 0.016
4 2500 40 0.0288675 0.00078767 2.62235e-13 3.5293e-05 3.206e-14	4         0.016      0.009659     1.87286        0.000749142
6 2500 40 0.0288675 0.00129388 2.81108e-13 3.16352e-05 2.26717e-14	6         0.016      0.028409     8.3154        0.00332616
8 2500 40 0.0288675 0.000404738 2.84217e-13 6.41543e-06 1.71229e-14	8         0.016      0.086865     119.067        0.0476266
10 2500 40 0.0288675 0.000262553 2.87659e-13 3.77631e-06 1.38633e-14	10         0.016      0.251562     325.838        0.130335
12 2500 40 0.0288675 0.000102272 2.74297e-09 1.06219e-06 9.78e-12	12         0.016      0.644536     756.77        0.302708
14 2500 40 0.0288675 0.000174425 3.41507e-09 1.24794e-06 9.03953e-12	14         0.016      1.58403     1690.12        0.676047
	
# dt = 0.008	# dt = 0.008
4 5000 40 0.0288675 0.000768014 5.49005e-13 3.44791e-05 6.72643e-14	4         0.008      0.010292     3.0072        0.000601441
6 5000 40 0.0288675 0.00122602 5.43898e-13 3.0045e-05 4.47628e-14	6         0.008      0.029339     13.8765        0.0027753
8 5000 40 0.0288675 0.000463211 5.57887e-13 7.39278e-06 3.41538e-14	8         0.008      0.089087     169.971        0.0339941
10 5000 40 0.0288675 0.000152585 5.70211e-13 2.41107e-06 2.75165e-14	10         0.008      0.254086     430.785        0.0861571
12 5000 40 0.0288675 6.22528e-05 1.67489e-09 5.80458e-07 9.21588e-12	12         0.008      0.655006     940.026        0.188005
14 5000 40 0.0288675 5.38004e-05 2.41106e-10 3.9885e-07 6.91739e-13	14         0.008      3.06391     1972.23        0.394446
	
# dt = 0.004	# dt = 0.004
4 10000 40 0.0288675 0.000736316 1.00264e-12 3.31909e-05 1.2331e-13	4         0.004      0.010158     5.10632        0.000510632
6 10000 40 0.0288675 0.00120136 1.02018e-12 2.95692e-05 8.43776e-14	6         0.004      0.03054     22.1156        0.00221156
8 10000 40 0.0288675 0.000474379 1.14297e-12 7.6231e-06 6.90614e-14	8         0.004      0.095192     254.361        0.0254361
10 10000 40 0.0288675 0.000133452 1.13032e-12 2.07396e-06 5.48634e-14	10         0.004      0.256428     661.999        0.0661999
12 10000 40 0.0288675 7.93985e-05 1.12454e-12 7.16106e-07 4.54534e-14	12         0.004      0.722596     1363.64        0.136364
14 10000 40 0.0288675 2.18735e-05 1.10956e-12 1.91808e-07 3.84807e-14	14         0.004      1.60388     2747.27        0.274727
	
# dt = 0.002	# dt = 0.002
4 20000 40 0.0288675 0.000758543 2.00373e-12 3.40301e-05 2.44785e-13	4         0.002      0.267881     10.9471        0.000547355
6 20000 40 0.0288675 0.00120335 2.15739e-12 2.95257e-05 1.72646e-13	6         0.002      0.093921     44.3385        0.00221693
8 20000 40 0.0288675 0.000487053 2.1394e-12 7.85579e-06 1.31485e-13	8         0.002      0.113825     434.778        0.0217389
10 20000 40 0.0288675 0.000128479 2.19724e-12 1.90702e-06 1.08377e-13	10         0.002      0.265634     1074.22        0.0537112
12 20000 40 0.0288675 8.29256e-05 2.11253e-12 7.61133e-07 8.4869e-14	12         0.002      0.870212     2226.22        0.111311
14 20000 40 0.0288675 2.02389e-05 2.0397e-12 1.6501e-07 7.16887e-14	14         0.002      1.59206     4277        0.21385
	
# dt = 0.001	# dt = 0.001
4 40000 40 0.0288675 0.000683884 3.70159e-12 3.09004e-05 4.59195e-13	4         0.001      0.022808     18.6588        0.000466471
6 40000 40 0.0288675 0.00118671 3.99258e-12 2.91427e-05 3.27323e-13	6         0.001      0.029558     73.837        0.00184592
8 40000 40 0.0288675 0.000484619 4.01612e-12 7.76686e-06 2.45422e-13	8         0.001      0.087925     855.864        0.0213966
10 40000 40 0.0288675 0.000129654 3.76099e-12 1.92174e-06 1.84914e-13	10         0.001      0.250433     1946.41        0.0486603
12 40000 40 0.0288675 7.87248e-05 3.93841e-12 7.36286e-07 1.61536e-13	12         0.001      0.649055     3943.01        0.0985753
14 40000 40 0.0288675 1.86494e-05 3.78086e-12 1.61042e-07 1.34024e-13	14         0.001      1.70881     7585.68        0.189642
	
# dt = 0.0005	# dt = 0.0005
4 80000 40 0.0288675 0.000742207 6.23668e-12 3.33289e-05 7.76251e-13	4         0.0005      0.489868     36.7968        0.000459961
6 80000 40 0.0288675 0.00120037 7.05724e-12 2.94515e-05 5.77335e-13	6         0.0005      0.080138     147.718        0.00184647
8 80000 40 0.0288675 0.000496472 7.52887e-12 7.95638e-06 4.57685e-13	8         0.0005      0.08932     1410.35        0.0176294
10 80000 40 0.0288675 0.000156925 7.20268e-12 2.0496e-06 3.53474e-13	10         0.0005      0.258129     3235.61        0.0404452
12 80000 40 0.0288675 7.89639e-05 7.26474e-12 7.37496e-07 2.98138e-13	12         0.0005      0.674631     7162.04        0.0895255
14 80000 40 0.0288675 1.85424e-05 7.39042e-12 1.59476e-07 2.59337e-13	14         0.0005      2.4391     14186.6        0.177333
	
# dt = 0.00025	# dt = 0.00025
4 160000 40 0.0288675 0.000756693 1.05332e-11 3.39388e-05 1.30563e-12	4         0.00025      0.010823     73.3465        0.000458415
6 160000 40 0.0288675 0.0011442 1.10986e-11 2.81251e-05 9.01704e-13	6         0.00025      0.047962     264.473        0.00165296
8 160000 40 0.0288675 0.000607133 1.13524e-11 9.67188e-06 6.9391e-13	8         0.00025      0.086007     2610.95        0.0163184
10 160000 40 0.0288675 0.000167247 1.08709e-11 2.16109e-06 5.37142e-13	10         0.00025      0.268085     6387.19        0.0399199
12 160000 40 0.0288675 0.000109628 1.0962e-11 1.01063e-06 4.49729e-13	12         0.00025      0.790224     12410.6        0.0775663
14 160000 40 0.0288675 4.11552e-05 1.06537e-11 3.06554e-07 3.75536e-13	14         0.00025      1.93547     24284.1        0.151776
	
# dt = 0.000125	# dt = 0.000125
4 320000 40 0.0288675 0.000750236 1.48007e-11 3.36341e-05 1.84231e-12	4         0.000125      3.67024     153.274        0.000478982
6 320000 40 0.0288675 0.00118781 1.96856e-11 2.9153e-05 1.58468e-12	6         0.000125      0.104095     530.22        0.00165694
8 320000 40 0.0288675 0.000537111 1.98495e-11 8.57971e-06 1.20785e-12	8         0.000125      0.240147     4933.77        0.015418
10 320000 40 0.0288675 0.000204641 1.93723e-11 2.4522e-06 9.43986e-13	10         0.000125      0.418639     11533.1        0.0360409
