# visc = 0.628319; Ma = 0.05
#  orderOfFe  i      t         max |u_analytic|  max |error_u|  max |error_rho|   ||error_u||_2   ||error_rho||_2
0.03125 32 1 0.28461 0.280666 7.15915e-05 0.0248075 6.32693e-06
0.015625 64 1 0.28461 0.28122 6.21844e-05 0.024857 5.49602e-06
0.0078125 128 1 0.28461 0.281354 6.03228e-05 0.0248689 5.33153e-06
0.00390625 256 1 0.28461 0.281387 5.98514e-05 0.0248718 5.28987e-06
0.00195312 512 1 0.28461 0.281396 5.97335e-05 0.0248725 5.27946e-06
0.000976562 1024 1 0.28461 0.281398 5.97041e-05 0.0248727 5.27686e-06
0.000488281 2048 1 0.28461 0.281398 5.96968e-05 0.0248727 5.27621e-06
0.000244141 4096 1 0.28461 0.281398 5.96949e-05 0.0248727 5.27605e-06
0.00012207 8192 1 0.28461 0.281398 5.96945e-05 0.0248727 5.27601e-06
6.10352e-05 16384 1 0.28461 0.281398 5.96943e-05 0.0248727 5.27599e-06
3.05176e-05 32768 1 0.28461 0.281398 5.96943e-05 0.0248727 5.27599e-06
1.52588e-05 65536 1 0.28461 0.281398 5.96943e-05 0.0248727 5.27599e-06
