# visc = 0.628319; Ma = 0.05
#  orderOfFe  i      t         max |u_analytic|  max |error_u|  max |error_rho|   ||error_u||_2   ||error_rho||_2
0.0625 16 1 1 15.5968 0.360227 0.818057 0.0311124
0.03125 32 1 1 1.763 2.88658e-15 0.102461 2.88444e-16
0.015625 64 1 1 0.984783 5.55112e-15 0.0570115 6.20452e-16
0.0078125 128 1 1 0.49739 9.32587e-15 0.0288397 1.06845e-15
0.00390625 256 1 1 0.234762 1.34337e-14 0.0135723 1.54856e-15
0.00195312 512 1 1 0.100323 1.95399e-14 0.00576071 2.30075e-15
0.000976562 1024 1 1 0.0325888 2.08722e-14 0.00199026 2.46826e-15
0.000488281 2048 1 1 0.0164301 2.55351e-14 0.00109991 3.003e-15
0.000244141 4096 1 1 0.0209721 2.64233e-14 0.00168175 2.79482e-15
0.00012207 8192 1 1 0.0282123 1.86517e-14 0.00209505 2.06376e-15
6.10352e-05 16384 1 1 0.031835 1.58762e-14 0.00231473 9.08674e-16
3.05176e-05 32768 1 1 0.033647 3.37508e-14 0.00242682 2.31573e-15
1.52588e-05 65536 1 1 0.0345532 8.88178e-14 0.00248334 5.65885e-15
