# visc = 0.628319; Ma = 0.05
#  orderOfFe  i      t         max |u_analytic|  max |error_u|  max |error_rho|   ||error_u||_2   ||error_rho||_2
0.0078125 128 1 1 2.67194 1.11022e-14 0.047422 6.00555e-16
0.00390625 256 1 1 1.29976 1.60982e-14 0.0224851 9.07954e-16
0.00195312 512 1 1 0.638182 2.15383e-14 0.0110227 1.22081e-15
0.000976562 1024 1 1 0.315804 2.17604e-14 0.00545821 1.231e-15
0.000488281 2048 1 1 0.157395 2.55351e-14 0.00272236 1.49704e-15
0.000244141 4096 1 1 0.078978 2.15383e-14 0.00136713 1.20687e-15
0.00012207 8192 1 1 0.0399781 1.87628e-14 0.000692909 8.76388e-16
6.10352e-05 16384 1 1 0.0205317 2.36478e-14 0.000356832 7.85721e-16
3.05176e-05 32768 1 1 0.0108221 3.08642e-14 0.000189346 8.63743e-16
1.52588e-05 65536 1 1 0.00597072 3.04201e-14 0.000106212 9.42594e-16
