0.3153528052049157 0.0005012543791613373
0.7821499708320891 0.0005024155661405086
1.004351393489374 0.0005445500650990386
1.0488082664062477 0.0005446606543351509
1.1377220122399947 0.0005448818328073757
1.2155215398445238 0.0005450753639705715
1.2932381255219692 0.0005868504479117354
1.326580780209624 0.0005869333898388222
1.4377229625018086 0.0005872098629291014
1.5598964210961273 0.0006290955361063777
1.8265547166702853 0.00067134062430102
2.0931300703173603 0.000755167265273634
2.1375869432342345 0.0007552778545097429
2.4596504461003175 0.0008808242848054697
2.5373670317777632 0.0009225993687466336
2.6484262721428635 0.0009644573946148843
2.7594440415444224 0.0010271061968721192
2.8038594434977533 0.001048007562497219
2.8372020981854087 0.0010480905044243025
3.103611567978316 0.001215080250952856
3.23681630287477 0.0012985751242171328
3.3810937850368994 0.0014028884211794261
3.503142830740593 0.0015071464235236615
3.55858950899606 0.0015696569892357584
3.603004910949391 0.0015905583548608548
3.7250124856895432 0.0017156071335940777
3.7693864166793336 0.0017572992756081617
3.8469785894661523 0.0018614466887162846
3.9688617513156785 0.0020488677966164597
4.024308429571145 0.00211137836232856
4.068599418633851 0.0021946520571206156
4.20147238582197 0.002444473141496775
4.267908869416029 0.0025693836836848567
4.312199858478736 0.0026526573784769122
4.345418100275765 0.0027151126495709547
4.389626147411388 0.0028399678971409784
4.511364160888517 0.0031001567224026062
4.555634414469452 0.0031938258053891555
4.610956679834294 0.003318708700268208
4.633060703402104 0.0033811363240532216
4.688424439730487 0.00348522844254329
4.721642681527517 0.0035476837136373326
4.754819452361005 0.0036309297611203557
4.799068970460169 0.0037349942323013988
4.854432706788552 0.003839086350791464
4.8875680066584986 0.003943123174663478
4.931858995721204 0.004026396869455533
4.97614998478391 0.0041096705642475855
5.020440973846617 0.0041929442590396375
5.064731962909323 0.004276217953831693
5.186615124758849 0.004463639061731875
5.286352792077022 0.004609423322236024
5.319571033874051 0.004671878593330063
5.375017712129518 0.004734389159042163
5.419350172155766 0.004796872077445231
5.463724103145555 0.004838564219459312
5.508056563171804 0.004901047137862383
5.774175736219918 0.0052135723191138374
5.807435448980489 0.005255236813818892
5.929318610830015 0.005442657921719071
5.9736303353744935 0.005515536228316633
6.017962795400741 0.005578019146719701
6.0512017726795415 0.005630079029619249
6.1065655090079245 0.005734171148109316
6.15085649807063 0.005817444842901372
6.18407473986766 0.0058799001139954125
6.2393555342689595 0.006025573785263451
6.27257377606599 0.006088029056357492
6.316781823201612 0.006212884303927519
6.383135364868588 0.006379376398893572
6.416312135702075 0.006462622446376597
6.449488906535562 0.006545868493859625
6.4826656773690505 0.0066291145413426514
6.515842448202537 0.006712360588825678
6.549019219036026 0.0067956066363087046
6.59326873713519 0.006899671107489744
6.637559726197896 0.006982944802281798
6.681850715260602 0.007066218497073853
6.726224646250394 0.007107910639087936
6.770598577240184 0.0071496027811020196
6.814951772748202 0.0072016903113105955
6.925907335704448 0.00729552527815131
6.959167048465019 0.007337189772856365
7.014613726720487 0.007399700338568462
7.058904715783193 0.007482974033360516
7.1031957048458985 0.007566247728152571
7.147445222945063 0.007670312199333611
7.191694741044229 0.00777437667051465
7.224871511877716 0.007857622717997677
7.269038088049795 0.00800326874195669
7.291142111617608 0.008065696365741703
7.313246135185418 0.008128123989526713
7.346339964091824 0.008252951589787713
7.379475263961767 0.008356988413659725
7.4015792875295805 0.008419416037444737
7.423641840133849 0.008502634437618737
7.44574586370166 0.008565062061403748
7.467849887269471 0.008627489685188762
7.523006268780145 0.00883553568562376
7.512057934405094 0.008752344932758787
7.556183039613632 0.008918781733106786
7.578287063181445 0.008981209356891798
7.600391086749255 0.009043636980676811
7.666661686489148 0.009251710628420836
7.69971404443201 0.009397329005070818
7.699859192804407 0.009324561287709369
7.744005033494716 0.009480602699862874
7.777140333364661 0.009584639523734886
7.799202885968931 0.009667857923908885
7.821306909536743 0.009730285547693897
7.843369462141011 0.009813503947867895
7.8654320147452825 0.009896722348041894
7.887494567349551 0.009979940748215893
7.909557119953821 0.010063159148389893
7.942713155305537 0.010156800584067411
7.968501182801317 0.010229632811816594
7.990480793478504 0.010354432764768563
8.030984101204385 0.010479278796568913
8.053046653808654 0.010562497196742912
8.074943322558756 0.010728878702472851
8.075109206412924 0.01064571559691691
8.119234311621463 0.010812152397264907
8.14125539326219 0.010916161573827892
8.166967390658145 0.01102711022495688
8.196494716699949 0.011082626021484918
8.218557269304219 0.011165844421658916
8.273796592741975 0.011332308869315941
8.318004639877598 0.011457164116885967
8.351181410711085 0.011540410164368992
8.38429597509926 0.011654842376435498
8.406337792221757 0.011748456164803989
8.450587310320921 0.01185252063598503
8.43959750498233 0.011790120659509044
8.461535644695973 0.01193571138885
8.483598197300243 0.012018929789023998
8.505660749904514 0.012102148189197998
8.527723302508782 0.012185366589371997
8.549785855113052 0.012268584989545995
8.571806936753779 0.012372594166108978
8.59391096032159 0.012435021789893991
8.627046260191536 0.012539058613766004
8.660223031025025 0.01262230466124903
8.682285583629293 0.01270552306142303
8.715462354462781 0.012788769108906056
8.748722067223353 0.012830433603611111
8.804106539033507 0.012924130333906686
8.848501205505068 0.012955427087726276
8.892958078421941 0.012955537676962389
8.926300733109596 0.012955620618889472
9.004224673604751 0.01289344182088571
9.048847430375792 0.012810389304565878
9.104708818266676 0.012664992106388119
9.12706166761574 0.012602675071839218
9.149414516964802 0.012540358037290316
9.171808837277407 0.012457250226352428
9.194161686626469 0.012394933191803527
9.21651453597553 0.012332616157254627
9.26130317660074 0.012166400535378851
9.283656025949803 0.01210408350082995
9.306050346262406 0.012020975689892063
9.42880439834631 0.011771790493623542
9.473385684153811 0.011709528753692697
9.6181193469149 0.011585143510376145
9.696001816446515 0.01154375548876137
9.773884285978125 0.011502367467146595
9.851683813582655 0.01150256099830979
9.896140686499528 0.011502671587545902
9.940597559416403 0.011502782176782012
