9.963251789926858 0.01146549659631747
8.883845376744851 0.012918248307793097
9.364407362854854 0.011789486433441696
8.475183259332253 0.011985586994161575
7.710462642072432 0.009347148091157583
7.098212688179739 0.007513371118384288
6.586490422067643 0.006870896793959528
6.160954407445434 0.005809465347951872
5.683585524233171 0.005070262027124857
4.950355507964863 0.004009821544085461
7.421404249579526 0.008446307699506994
8.084220841602827 0.01069860136587729
4.422419986621998 0.0028521015296614494
3.7747706333629694 0.0017269731861936782
2.9553543656047765 0.0010854898247371868
1.7083100502913702 0.0006064142830795802
0.8879578730631481 0.0005124379615891739
0 0.0004830944470288999

