0.19368286890265374 0.00015423542354235306
0.35210226687693424 0.00015423542354235306
0.5949154045809619 0.0001616183840606293
1.0046052147291902 0.00019299596626329296
1.24626902687532 0.0002022246669111348
1.4455230709559341 0.00021593587930221828
1.5569911093633997 0.00022898789878987927
1.7512988727033623 0.0002238461941432221
1.8723062320599873 0.00024283094976164377
2.057090504822239 0.00025232332757085113
2.2405691778469037 0.0002742085319643074
2.400378198299538 0.00029978521661689836
2.489157356827637 0.0003092775944261092
2.72392663630074 0.000331426475980931
2.9924625039816513 0.00036834127857230184
3.1451509015844112 0.00039787312064539643
3.4006574805674323 0.00045103043637697085
3.538791353478534 0.0005086175284195089
3.7377016755452224 0.0005883535020168688
4.008474821209543 0.0007411807847451414
4.226123553960486 0.0009460579391272466
4.350512828633027 0.0010872570590392382
4.569590617723513 0.0013547048038137152
4.7784957492347875 0.0016049871653832058
4.97594837822589 0.0018412419019679747
5.130740510422143 0.0020125265859919327
5.335283522194585 0.002234015401540154
5.473477063428838 0.0023691235790245704
5.670408101976044 0.0025684635130179684
5.97499297270215 0.0029513227513227533
6.137010735878889 0.0032835559746450856
6.220047122733618 0.0035208654198753218
6.312362542699262 0.003853098643197654
6.368934506084022 0.004093967730106346
6.441612654697325 0.00432929959662633
6.5439711058544265 0.004553003300330035
6.69979748898535 0.004871947194719473
6.780527309538561 0.005102664710915536
6.856680427638413 0.005367528419508619
6.9190189082537135 0.0056250091675834266
6.981354121317988 0.005878244713360228
7.059853198989847 0.006200880088008802
7.119893170556791 0.006462236890355704
7.184514532802485 0.0066955384427331635
7.230686449528914 0.006880112455690016
7.344841896443338 0.007180968096809683
7.452064452476995 0.007444908935337981
7.5835556782792395 0.007842665933259994
7.6873679055097615 0.008161056105610564
7.756638566668652 0.008454528786211956
7.844375153169395 0.008818139591736954
7.909081187606992 0.009161447255836699
7.943786841567299 0.009399547732551035
7.9785104907361735 0.009661027584239909
8.02017223992514 0.009966189952328569
8.054941824231683 0.01028734873487349
8.08970193737582 0.01059620258322129
8.124456486212045 0.010897827282728275
8.152269383342274 0.011151155115511555
8.18009187002444 0.01141694169416942
8.214892709166921 0.011778706759564848
8.249669701275486 0.012109489758499663
8.298422678885293 0.01265727906123946
8.333277503653484 0.013089182251558492
8.36111959564183 0.013380440044004405
8.388969359271723 0.013681664833149984
8.423751729647512 0.014019435276861024
8.506946420216734 0.014462412907957465
8.555527090321922 0.01478634030069674
8.597163220016583 0.015058217821782183
8.641114906851932 0.015348368170150352
8.728697776386834 0.015512269893656037
8.932937332115804 0.015339508617528422
9.05978195828614 0.015082581591492486
9.14697442650669 0.014739273927392743
9.21120652397752 0.01446684268426843
9.293838059230115 0.014178168928003915
9.369613988287169 0.013952988632196557
9.461932817871277 0.013691631829849655
9.58717078311162 0.013397684530357801
9.741801546995832 0.013103025302530257
9.831463857592656 0.012978437843784382
