0.11571158671440251 0.000292848963708979
0.6491940617168865 0.0002941760345423171
0.6825367164045419 0.0002942589764694005
0.9604129076167733 0.00028455477100060994
0.993734826822658 0.00029503310112218364
1.1826350657558289 0.0003162938817646427
1.2270919386727026 0.00031640447100075506
1.2715488115895763 0.00031651506023686743
1.31600568450645 0.0003166256494729798
1.3604625574233238 0.0003167362387090922
1.4048779593766556 0.00033763760433418513
1.4493348322935293 0.0003377481935702975
1.4826774869811843 0.0003378311354973809
1.6493907604194609 0.00033824584513280145
1.860477964847527 0.00038035269678230246
1.9642244919747458 0.000373680479536901
2.0049420663455955 0.00039110749999415884
2.0383054565150216 0.0003807950537267485
2.3382234648497517 0.0004647046366264458
2.371566119537407 0.00046478757855352923
2.627110196882347 0.0005070050194391426
2.738169437247448 0.0005488630453073934
2.9047997687586404 0.000590859307720782
2.9602879179776487 0.0006325790970438949
3.004744790894522 0.0006326896862800073
3.0380874455821774 0.0006327726282070907
3.1491466859472776 0.0006746306540753415
3.204634835166286 0.0007163504433984509
3.24909170808316 0.0007164610326345633
3.2934656390729495 0.0007581531746486472
3.326808293760605 0.0007582361165757306
3.5933007054805968 0.0008836443103263161
3.6376746364703862 0.0009253364523403966
3.8374817388150664 0.0010505787622368153
3.959489313555218 0.0011756275409700347
3.9927490263157894 0.0012172920356750896
4.03712295730558 0.0012589841776891701
4.247753981134686 0.0015297895696175165
4.358564395718535 0.001696392253819682
4.447167109325719 0.0018525442552092958
4.491520304833736 0.0019046317854178735
4.524738546630767 0.0019670870565119125
4.569029535693473 0.002050360751303968
4.624393272021856 0.0021544528697940366
4.668767203011646 0.0021961450118081205
4.701985444808676 0.0022586002829021595
4.801723112126849 0.002404384543406312
4.846014101189555 0.002487658238198364
4.890346561215803 0.0025501411566014355
4.934679021242051 0.0026126240750045035
4.9789700103047565 0.002695897769796559
5.134154355878397 0.002904192596012805
5.178507551386415 0.0029562801262213827
5.222860746894434 0.003008367656429957
5.267193206920682 0.0030708505748330284
5.3115671379104725 0.0031125427168471123
5.400232057962969 0.003237508553653245
5.444605988952758 0.0032792006956673288
5.488979919942549 0.0033208928376814127
5.544426598198015 0.0033834034033935097
5.633174460177595 0.0034667876874216776
5.699693885698738 0.0035501166768317875
5.7662133112198815 0.003633445666241894
5.821659989475347 0.0036959562319539944
5.865971714019825 0.0037688345385515527
5.910324909527844 0.0038209220687601304
5.95461589859055 0.003904195763552186
5.9989068876532565 0.0039874694583442415
6.043197876715962 0.0040707431531362935
6.087488865778669 0.0041540168479283456
6.131779854841375 0.004237290542720401
6.1760293729405396 0.004341355013901444
6.209164672810485 0.004445391837773455
6.308529101456781 0.0047782930857784775
6.363685482967455 0.004986339086213473
6.385748035571725 0.0050695574863874725
6.41888333544167 0.005173594310259483
6.451935693384533 0.005319212686909469
6.485112464218021 0.005402458734392495
6.518289235051508 0.005485704781875522
6.54039325861932 0.005548132405660534
6.562497282187131 0.005610560029445547
6.606746800286295 0.005714624500626587
6.673141812916814 0.005860325819203656
6.728464078281654 0.005985208714082707
6.83919155093842 0.006193392951062844
6.872409792735448 0.006255848222156886
6.938804805365967 0.006401549540733952
6.994127070730807 0.006526432435613006
7.027303841564294 0.006609678483096033
7.049366394168565 0.006692896883270032
7.071428946772835 0.006776115283444031
7.115636993908456 0.006900970531014055
7.137699546512726 0.006984188931188054
7.159803570080538 0.007046616554973068
7.1818661226848075 0.007129834955147067
7.203970146252617 0.007192262578932079
7.2260741698204285 0.007254690202717091
7.270282216956051 0.007379545450287118
7.292344769560321 0.007462763850461117
7.314448793128131 0.007525191474246129
7.480083821514322 0.008066166369995176
7.535281673988537 0.008253421594041186
7.557385697556347 0.0083158492178262
7.579448250160617 0.0083990676180002
7.601510802764885 0.008482286018174199
7.623614826332696 0.008544713641959209
7.645635907973425 0.008648722818522194
7.667698460577693 0.008731941218696193
7.689761013181963 0.008815159618870192
7.755948670994773 0.009064814819392187
7.792664297383832 0.009231233188200834
7.778011223599041 0.009148033219566186
7.821970444953413 0.009397633125470125
7.844032997557681 0.009480851525644124
7.866012608234868 0.009605651478596095
7.888075160839136 0.009688869878770094
7.92116898974554 0.00981369747903109
7.932117324120593 0.009896888231896061
7.968501182801317 0.010229632811816594
7.965190417545225 0.010032111220351553
7.954221347688403 0.009959315855681074
7.990480793478504 0.010354432764768563
7.976159487402047 0.010104906585022031
8.00925331630845 0.01022973418528303
7.998263510969858 0.010167334208807045
8.030984101204385 0.010479278796568913
8.031149985058553 0.01039611569101297
8.020201650683502 0.010312924938147998
8.053046653808654 0.010562497196742912
8.074943322558756 0.010728878702472851
8.075109206412924 0.01064571559691691
8.064285284928498 0.010500152514884982
8.086347837532768 0.010583370915058982
8.119234311621463 0.010812152397264907
8.119379459993858 0.010739384679903458
8.14125539326219 0.010916161573827892
8.166967390658145 0.01102711022495688
8.185256085580104 0.011144970703342845
8.207318638184374 0.011228189103516844
8.196494716699949 0.011082626021484918
8.229422661752183 0.011290616727301857
8.272904967025825 0.011779310561679133
8.273133057325305 0.011664961291539712
8.262143251986712 0.011602561315063726
8.283874036882645 0.011852105926349612
8.305687763705665 0.012060068984857524
8.305853647559832 0.01197690587930158
8.327667374382852 0.012184868937809493
8.349564043132952 0.012351250443539435
8.349688456023577 0.012288878114372478
8.371377769955972 0.012559213502047348
8.371543653810138 0.012476050396491405
8.393274438706072 0.01272559500777729
8.39344032256024 0.012642431902221347
8.415171107456175 0.012891976513507231
8.415336991310342 0.012808813407951288
8.437109247169818 0.013037567242848186
8.458964444956377 0.013224739524967114
8.459088857847004 0.013162367195800155
8.480944055633564 0.013349539477919083
8.50271631149304 0.013578293312815983
8.535664992027048 0.01377588863043843
8.524737393133767 0.013682302489378967
8.546592590920328 0.013869474771497893
8.568530730633972 0.01401506550083885
8.590551812274699 0.014119074677401835
8.612324068134177 0.014347828512298731
8.634428091701986 0.014410256136083745
8.678387313056358 0.014659856041987685
8.700325452770002 0.014805446771328641
8.722388005374272 0.014888665171502639
8.74445055797854 0.014971883571676638
8.766554581546353 0.01503431119546165
8.832825181286244 0.015242384843205675
8.888313330505254 0.015284104632528786
8.977310018266083 0.015242744258223037
9.010818556807907 0.01515966409459418
9.03321287712051 0.01507655628365629
9.055565726469574 0.015014239249107391
9.07804298870926 0.014889549885391533
9.100437309021865 0.014806442074453646
9.122914571261553 0.014681752710737787
9.145391833501241 0.014557063347021929
9.167786153813847 0.014473955536084042
9.190221945089993 0.01437005694875717
9.212782149256764 0.014203786032263339
9.25757078988197 0.014037570410387565
9.280089523085202 0.013892090270282723
9.30256678532489 0.013767400906566862
9.347355425950099 0.013601185284691088
9.392268479465933 0.013372597333648357
9.481804289752809 0.013060956866285795
9.54894577972708 0.01283242420986112
9.571298629076141 0.012770107175312219
9.604848638581505 0.012666236235294375
9.649554337279632 0.012541602166196571
9.694218565014214 0.012437758873487754
9.727685632592495 0.01237546948624788
9.761194171134317 0.012292389322619023
9.794661238712598 0.012230099935379149
9.828169777254422 0.01214701977175029
9.872792534025463 0.012063967255430458
9.917498232723586 0.011939333186332658
