0.40144652551781657 0.0019152483520845885
0.4347891802054715 0.001915331294011672
0.5791910752582272 0.001957272261807006
0.6236479481751009 0.0019573828510431185
0.6681048210919747 0.0019574934402792274
0.7125202230453065 0.0019783948059043273
1.1679128736984687 0.002125063780297372
1.456550779949813 0.0022921088214439833
1.6341294458360565 0.002417295836722344
1.6896175950550647 0.002459015626045457
1.8449678244828716 0.0025841473467057598
2.0113493302128127 0.0027508882674530666
2.0667960084682795 0.00281339883316516
2.1000971921923925 0.0028342725514812275
2.1666166177135358 0.0029176015408913375
2.2775099742244684 0.0030426226723155314
2.4105488252667557 0.003209280651135755
2.4659955035222216 0.0032717912168478483
2.5325149290433657 0.0033551202062579583
2.576888860033155 0.003396812348272042
2.6766265273513277 0.003542596608776198
2.7542187001381473 0.0036467440218843176
2.798509689200854 0.003730017716676373
2.8650083792402254 0.003823742094280977
2.9093408392664735 0.003886225012684045
2.953694034774493 0.003938312542892623
3.0201512538503223 0.00405282769688621
3.0644629783948005 0.004125706003483772
3.1530449565202128 0.00429225339306788
3.1973359455829184 0.004375527087859935
3.2416476701273966 0.004448405394457497
3.285959394671873 0.004521283701055059
3.3302503837345796 0.004604557395847114
3.374541372797286 0.004687831090639166
3.4188323618599927 0.004771104785431222
3.4631233509226984 0.004854378480223277
3.4963415927197286 0.004916833751317316
3.5294976280714456 0.005010475186994837
3.573809352615922 0.005083353493592398
3.607027594412952 0.005145808764686437
3.7508488959761213 0.005478820601927573
3.7840671377731514 0.005541275873021612
3.8393479321744506 0.005686949544289652
3.87256617397148 0.0057494048153836925
3.8946701975392912 0.005811832439168706
3.9167742211071026 0.0058742600629537196
3.9499509919405904 0.005957506110436746
4.005273257305431 0.006082389005315799
4.06055405170673 0.006228062676583839
4.248376045587814 0.006789883643339928
4.292584092723436 0.006914738890909952
4.314688116291247 0.006977166514694965
4.369927439729004 0.007143630962351991
4.40306273959895 0.007247667786224002
4.425125292203219 0.007330886186398001
4.469333339338842 0.007455741433968028
4.5024686392087885 0.007559778257840041
4.5576250207194615 0.007767824258275036
4.579729044287273 0.00783025188206005
4.601833067855084 0.007892679505845062
4.623895620459353 0.007975897906019061
4.656989449365757 0.008100725506280057
4.690166220199245 0.008183971553763086
4.712228772803515 0.008267189953937083
4.734291325407785 0.008350408354111083
4.800520454184134 0.008579272778244091
4.822624477751945 0.008641700402029105
4.85571830665835 0.008766528002290103
4.955124206268188 0.00907863847390614
4.977228229835998 0.009141066097691154
5.010363529705945 0.009245102921563166
5.043540300539433 0.009328348969046192
5.065644324107244 0.009390776592831204
5.087748347675055 0.009453204216616218
5.109852371242866 0.009515631840401231
5.154101889342031 0.009619696311582271
5.176205912909842 0.009682123935367284
5.20938268374333 0.009765369982850311
5.24260092554036 0.00982782525394435
5.264704949108171 0.009890252877729364
5.297881719941659 0.00997349892521239
5.331099961738689 0.010035954196306431
5.386463698067072 0.0101400463147965
5.419681939864101 0.010202501585890542
5.530492354447951 0.010369104270092704
5.6080845272347695 0.010473251683200829
5.663531205490236 0.010535762248912926
5.707905136480027 0.01057745439092701
5.752279067469816 0.010619146532941092
5.841026929449396 0.010702530816969256
5.896515078668405 0.010744250606292367
5.963117446116632 0.010785998042924507
6.007532848069963 0.010806899408549604
6.051948250023296 0.010827800774174702
6.08529090471095 0.010827883716101785
6.340669098201722 0.010953264262543342
6.385125971118596 0.010953374851779454
6.674012703151192 0.010995675234592151
6.707355357838848 0.010995758176519235
6.851819459336914 0.01100651297973109
6.896338538699103 0.010975437404383724
6.940857618061289 0.010944361829036355
7.007522191954829 0.010954923101085017
7.040864846642483 0.0109550060430121
7.107550156017794 0.010955171926866267
7.507910838050908 0.010831422571657357
7.6784256164805225 0.010783334685488153
7.719163926333142 0.010790366317750917
7.874825187987513 0.010759567215493829
8.074943322558756 0.010728878702472851
8.119379459993858 0.010739384679903458
8.319248768783853 0.010833440825216395
8.441339285451088 0.010916908051171645
8.54128430758697 0.010958738429730868
8.630115111493634 0.011000541160981063
8.66345776618129 0.011000624102908146
8.87462791253644 0.011001149401779677
8.974738818526488 0.010959816674782956
9.030392851599663 0.010918373358550124
9.063818448214404 0.010876874747699236
9.119472481287579 0.010835431431466404
9.164053767095078 0.010773169691535559
9.208593581939034 0.0107316987279937
9.253174867746536 0.010669436988062853
9.297756153554035 0.01060717524813201
9.375763035976272 0.010503414897350275
9.46492560759127 0.010378891417488585
9.520683318073301 0.01028547116028329
9.5652646038808 0.010223209420352443
9.60986662517007 0.010150552292227106
9.699112138712154 0.009984447259587442
9.732537735326892 0.009942948648736554
9.766046273868715 0.009859868485107694
9.810627559676215 0.009797606745176851
9.844053156290952 0.009756108134325963
9.9668486793384 0.009486132161668454
