0.15884138879793652 0.000958264397392633
0.19218404348559193 0.0009583473393197164
0.38104281145522134 0.001000398896351163
0.42549968437209507 0.0010005094855872754
0.5366418666642792 0.0010007859586775546
0.5810987395811529 0.001000896547913667
0.7366977947902107 0.0010012836102400585
0.8477570351553114 0.0010431416361083093
0.8922139080721847 0.0010432522253444182
0.9255565627598401 0.0010433351672715016
1.1366437671879062 0.0010854420189210026
1.1811006401047799 0.0010855526081571115
1.2144432947924353 0.0010856355500841984
1.3366167533867543 0.0011275212232614747
1.4032191208349813 0.001169268659893613
1.5587352341169554 0.0012112372749979762
1.7586252783887193 0.0012948980321164233
2.0806058393277187 0.0014620260151901182
2.1694366432343823 0.001503828746440311
2.457991607558643 0.0017124553403648976
2.679944204434676 0.0018793344976573423
2.857439928393836 0.002046103065713671
2.9018138593836262 0.0020877952077277516
3.0238214341237777 0.0022128439864609745
3.068195365113568 0.0022545361284750584
3.145829008863929 0.0023378927651941973
3.256722365374862 0.0024629138966183912
3.323241790896005 0.002546242886028501
3.589236551053494 0.0029211403964469126
3.7111197129030202 0.003108561504347091
3.7443379547000495 0.00317101677544113
3.8440134155729098 0.003347987200528764
3.8772109218881683 0.0034208378598172967
4.03222938360764 0.0037122957915894823
4.05429193621191 0.0037955141917634834
4.0985829252746155 0.003878787886555539
4.142790972410238 0.0040036431341255625
4.220217261342891 0.004190953652789629
4.253394032176379 0.004274199700272655
4.286487861082782 0.004399027300533657
4.330737379181947 0.004503091771714693
4.363914150015435 0.0045863378191977194
4.386018173583246 0.0046487654429827364
4.45233024428668 0.004836048314337774
4.474434267854491 0.004898475938122787
4.496538291422302 0.004960903561907801
4.562767420198653 0.005189767986040809
4.595944191032141 0.005273014033523836
4.629079490902086 0.005377050857395848
4.651142043506356 0.005460269257569848
4.684339549821614 0.00553311991685838
4.783766184913223 0.005834835000279925
4.805870208481034 0.005897262624064937
4.827974232048845 0.005959690247849951
4.8500782556166575 0.0060221178716349626
4.872182279184468 0.006084545495419976
4.927463073585767 0.006230219166688016
4.982743867987066 0.006375892837956056
5.015879167857013 0.006479929661828067
5.060170156919718 0.006563203356620122
5.115492422284559 0.006688086251499175
5.1708146876494 0.006812969146378229
5.215105676712107 0.006896242841170283
5.259396665774813 0.006979516535962339
5.303687654837519 0.007062790230754392
5.347978643900225 0.007146063925546448
5.392311103926474 0.007208546843949516
5.436643563952721 0.007271029762352584
5.480955288497199 0.007343908068950146
5.558526725802247 0.007458450870252762
5.636118898589067 0.007562598283360887
5.70263832411021 0.007645927272770997
5.879968164215203 0.007895858946383272
5.9243420952049926 0.007937551088397355
5.968633084267699 0.00802082478318941
6.013007015257489 0.008062516925203492
6.079526440778632 0.008145845914613602
6.190336855362482 0.008312448598815768
6.234690050870499 0.008364536129024342
6.267929028149302 0.00841659601192389
6.323375706404768 0.008479106577635988
6.356593948201796 0.008541561848730029
6.412040626457264 0.008604072414442124
6.478560051978407 0.008687401403852235
6.522913247486425 0.008739488934060811
6.633744397552045 0.008895696230068483
6.678076857578294 0.008958179148471551
6.711336570338865 0.008999843643176606
6.877593663178182 0.009228956893090869
6.92196759416797 0.009270649035104953
7.021788203413227 0.009374851742831132
7.099463318127132 0.009437417603161283
7.14383724911692 0.009479109745175365
7.188211180106713 0.00952080188718945
7.221512363830824 0.009541675605505518
7.265886294820614 0.009583367747519602
7.387852398597223 0.00972920730264181
7.432226329587014 0.009770899444655893
7.476517318649721 0.009854173139447945
7.520808307712427 0.00993744683424
7.5650992967751325 0.010020720529032055
7.598317538572163 0.010083175800126097
7.620421562139974 0.010145603423911109
7.653598332973461 0.010228849471394137
7.686816574770491 0.010291304742488176
7.7199518746404365 0.010395341566360189
7.808450910838767 0.01060347050872227
7.830471992479493 0.010707479685285253
7.874825187987513 0.010759567215493829
7.896825534146469 0.010873971780251306
7.963220546776986 0.011019673098828375
8.007428593912609 0.011144528346398399
8.051719582975315 0.011227802041190454
8.096010572038022 0.011311075735982508
8.162447055632082 0.011435986278170591
8.232671220562965 0.011519324483350375
8.273133057325305 0.011664961291539712
8.262143251986712 0.011602561315063726
8.317569194760408 0.011675467268970317
8.361943125750198 0.0117171594109844
8.406337792221757 0.011748456164803989
8.43959750498233 0.011790120659509044
8.495064918719567 0.011842235837026647
8.539459585191128 0.011873532590846239
8.606061952639356 0.011915280027478378
8.63940460732701 0.011915362969405461
8.739349629462891 0.011957193347964683
8.783806502379766 0.011957303937200795
8.817149157067421 0.011957386879127879
8.87263730628643 0.01199910666845099
8.905979960974086 0.011999189610378073
9.072776176339445 0.01195802276723552
9.117336726665174 0.011906156415499167
9.161897276990901 0.011854290063762816
9.2064785627984 0.011792028323831971
9.28452691618418 0.01166747719666125
9.318076925689544 0.011563606256643405
9.36274115342413 0.01145976296393459
9.429716759544231 0.011314393413065857
9.463225298086055 0.011231313249436999
9.496733836627877 0.011148233085808139
9.53020090420616 0.011085943698568267
9.55255375355522 0.011023626664019365
9.630726519831626 0.010836703207681687
9.675390747566208 0.010732859914972871
9.720013504337249 0.010649807398653042
9.753480571915532 0.010587518011413168
9.809259017879333 0.010483702366013379
9.853881774650374 0.010400649849693546
9.898421589494331 0.010359178886151687
9.943044346265372 0.010276126369831854
