0.3532572658821753 0.00378630763785719
0.39771413879904904 0.0037864182270933022
0.4643994481743594 0.003786584110947469
0.4977421028620148 0.0037866670528745525
0.5976871249978968 0.0038284974314337743
0.6976321471337792 0.0038703278099929996
0.919667685936896 0.003995625414507469
1.0084984898435596 0.0040374281457576655
1.0639866390625683 0.004079147935080778
1.09724635182314 0.004120812429785833
1.1417032247400136 0.004120923019021942
1.3302716959648502 0.004308510010776288
1.3746456269546397 0.0043502021527903716
1.474466236199896 0.0044544048605165525
1.552058408986716 0.0045585522736246754
1.6185778345078587 0.004641881263034785
1.6629517654976487 0.004683573405048869
1.6961700072946788 0.004746028676142908
1.862468571097536 0.004954351149668187
1.9510920201864905 0.0051001077628633085
2.039756940238987 0.005225073599669446
2.072975182036017 0.005287528870763487
2.1505051483775235 0.0054228624484550896
2.183785596619866 0.0054541315549656525
2.239149332948249 0.005558223673455719
2.2834403220109554 0.005641497368247773
2.360949552870691 0.005787226334133869
2.4162925537173026 0.00590171384081843
2.5048952673244864 0.0060578658422080454
2.549186256387193 0.006141139537000101
2.5934772454498987 0.006224413231792155
2.637706028067293 0.006338873091167688
2.6820177526117694 0.006411751397765248
2.726308741674476 0.006495025092557304
2.7705997307371817 0.006578298787349359
2.8812857324304053 0.006807273800718482
2.9255767214931128 0.006890547495510534
2.958794963290141 0.006953002766604575
3.0473769414155543 0.007119550156188684
3.0805122412854997 0.007223586980060698
3.1248032303482063 0.00730686067485275
3.1580214721452355 0.007369315945946791
3.224375013812211 0.007535808040912846
3.279738750140594 0.007639900159402914
3.3682377863389235 0.007848029101764993
3.567381353266934 0.008305923833885181
3.6116723423296406 0.008389197528677235
3.644890584126669 0.008451652799771277
3.700171378527969 0.008597326471039316
3.7444208966271333 0.008701390942220355
3.7886704147262975 0.008805455413401397
3.832961403789004 0.00888872910819345
3.877169450924626 0.009013584355763476
3.910387692721656 0.009076039626857517
3.943564463555144 0.009159285674340543
4.009959476185662 0.009304986992917612
4.09845851238399 0.009513115935279691
4.264342366551429 0.009929346172694824
4.297519137384917 0.01001259222017785
4.352841402749759 0.010137475115056905
4.386018173583246 0.010220721162539931
4.419236415380276 0.01028317643363397
4.452371715250221 0.010387213257505983
4.485589957047251 0.010449668528600024
4.529798004182874 0.01057452377617005
4.59615154584985 0.010741015871136102
4.673640041227814 0.01089714022521669
4.706796076579531 0.01099078166089421
4.7510870656422375 0.011074055355686266
4.784243100993955 0.011167696791363785
4.8285133545748895 0.011261365874350332
4.928085138038895 0.011490313240410426
5.116155957701229 0.011927389548832601
5.160446946763935 0.012010663243624653
5.293319913952054 0.012260484328000818
5.359839339473197 0.01234381331741093
5.393057581270226 0.012406268588504969
5.45957700679137 0.012489597577915078
5.515023685046836 0.012552108143627175
5.58154311056798 0.012635437133037285
5.625917041557769 0.01267712927505137
5.6703531789928725 0.012687635252481974
5.736934810959328 0.012739778077308606
5.781308741949118 0.012781470219322688
5.8257656148659915 0.0127815808085588
5.859108269553647 0.012781663750485884
5.914596418772655 0.012823383539808993
5.959053291689529 0.012823494129045106
6.025738601064839 0.012823660012899273
6.214763252888637 0.012782548464374778
6.470763510832537 0.012596067364981547
6.515303325676495 0.012554596401439687
6.559843140520451 0.012513125437897827
6.604382955364409 0.012471654474355968
6.671234148593886 0.012388657252654192
6.715794698919616 0.012336790900917839
6.760396720208886 0.012264133772792502
6.804936535052843 0.012222662809250643
6.849497085378571 0.012170796457514288
6.894099106667843 0.012098139329388951
6.93865965699357 0.012046272977652598
6.97210598909008 0.011994378978607218
7.027884435053881 0.011890563333207428
7.083579939090598 0.01182832924058561
7.12820269586164 0.01174527672426578
7.206209578283879 0.011641516373484047
7.295372149898878 0.011516992893622355
7.339994906669919 0.011433940377302526
7.3734619742481975 0.011371650990062652
7.45153106311575 0.01123670447469744
7.496091613441477 0.011184838122961087
7.540714370212518 0.011101785606641256
7.5853371269835606 0.011018733090321425
7.663426951332882 0.01087339118676172
7.719163926333142 0.010790366317750917
7.763745212140639 0.01072810457782007
7.786077326007932 0.010676182931465663
7.808450910838767 0.01060347050872227
7.853073667609808 0.010520417992402439
7.8976964243808485 0.010437365476082606
8.00925331630845 0.01022973418528303
8.05383460211595 0.010167472445352184
8.09843662340522 0.010094815317226844
8.165350023080013 0.009980631930941591
8.209972779851054 0.009897579414621759
8.254595536622093 0.009814526898301928
8.288062604200373 0.009752237511062056
8.366152428549697 0.009606895607502351
8.433086563706258 0.009482316833022603
8.50002069886282 0.009357738058542857
8.566954834019382 0.009233159284063111
8.611577590790423 0.009150106767743279
8.656200347561464 0.009067054251423448
8.700823104332505 0.008984001735103615
8.745445861103544 0.008900949218783786
8.790047882392816 0.008828292090658447
8.823452743525785 0.008797188868002053
8.879231189489586 0.008693373222602264
8.923853946260627 0.008610320706282431
8.96847670303167 0.008527268189962602
9.001943770609948 0.008464978802722728
9.057639274646666 0.00840274471010091
9.102262031417707 0.00831969219378108
9.280628645611246 0.008049854457668712
9.325209931418744 0.007987592717737866
9.392061124648222 0.007904595496036091
9.436642410455722 0.007842333756105244
9.503535074648742 0.007738545758014484
9.57038626787822 0.007655548536312709
9.637237461107699 0.007572551314610933
9.681818746915198 0.007510289574680088
9.726400032722696 0.007448027834749243
9.793251225952174 0.007365030613047467
9.826635351603372 0.007344322778585564
9.92695361241113 0.007199036169643918
9.96037920902587 0.0071575375587930295
