0.19035932108975007 0.0074450972199922826
0.45710055859099197 0.007445760755408953
0.490360271351564 0.007487425250114008
0.5681597989560927 0.007487618781277204
0.6125337299458826 0.007529310923291286
0.6569906028627563 0.007529421512527399
0.8456834869782182 0.007654636175114788
0.9566597854162351 0.007738075753761009
1.0121064636717014 0.007800586319473104
1.045407647395815 0.007821460037789175
1.1229998201826346 0.007925607450897298
1.156301003906748 0.007946481169213369
1.2560386712249205 0.008092265429717518
1.3336308440117406 0.008196412842825643
1.389077522267207 0.00825892340853774
1.4333892468116842 0.0083318017151353
1.4777424423197034 0.008383889245343877
1.5220334313824095 0.008467162940135933
1.6328438459662589 0.008633765624338095
1.677134835028965 0.00871703931913015
1.721425824091671 0.008800313013922206
1.7657168131543777 0.00888358670871426
1.821163491409844 0.008946097274426355
1.876485756774685 0.00907098016930541
1.9207767458373912 0.009154253864097465
1.9539949876344205 0.009216709135191506
1.9871924939496795 0.009289559794480038
2.020390000264938 0.009362410453768573
2.1200447256560278 0.009549776267050695
2.1864812092500863 0.009674686809238777
2.2639489691462806 0.009841206551513857
2.2971257399797684 0.009924452598996884
2.341416729042475 0.010007726293788939
2.374634970839505 0.01007018156488298
2.429998707167888 0.010174273683373048
2.474289696230594 0.0102575473781651
2.562871674356006 0.01042409476774921
2.751108377872508 0.010778007970615441
2.8729085977949502 0.011007010631293593
2.9393450813890096 0.011131921173481673
3.027927059514422 0.011298468563065782
3.0722180485771275 0.011381742257857838
3.116509037639835 0.011465015952649892
3.1608829686296245 0.011506708094663974
3.1941012104266537 0.011569163365758015
3.2383921994893603 0.011652437060550068
3.2937559358177424 0.011756529179040137
3.3602753613388856 0.011839858168450249
3.3934936031359157 0.01190231343954429
3.44889881042784 0.01198561478164537
3.493231270454088 0.01204809770004844
3.5597506959752314 0.01213142668945855
3.604124626965022 0.012173118831472632
3.64845708699127 0.012235601749875702
3.692789547017518 0.012298084668278772
3.737163478007308 0.012339776810292854
3.7815374089970977 0.012381468952306936
3.848056834518241 0.012464797941717046
3.8924307655080312 0.01250649008373113
3.9257319492321434 0.0125273638020472
4.358522924754992 0.01286109446932306
4.513956096109883 0.01294464463720539
4.647243772933421 0.0129865579576917
4.691700645850295 0.01298666854692781
4.736157518767168 0.01298677913616392
4.7806143916840425 0.012986889725400033
4.9584418833515365 0.01298733208234448
5.002898756268411 0.012987442671580592
5.047355629185284 0.012987553260816704
5.080698283872939 0.012987636202743787
5.136269375019031 0.012987774439288925
5.180809189862988 0.012946303475747066
5.214151844550644 0.01294638641767415
5.43660209298918 0.012863776258298766
5.481141907833137 0.012822305294756906
5.603584927690478 0.012729050921405777
5.6703531789928725 0.012687635252481974
5.703716569162299 0.012677322806214565
5.803972623524745 0.012563222361856394
5.837377484657712 0.012532119139199998
6.004463996767866 0.012345416861334547
6.24964033322734 0.012013372679909389
6.38342566161338 0.011805796683727868
6.428006947420879 0.011743534943797021
6.461432544035619 0.011702036332946133
6.550678057577702 0.011535931300306472
6.617529250807179 0.011452934078604697
6.6956190751565 0.011307592175044992
6.740241831927541 0.01122453965872516
6.773708899505824 0.011162250271485286
6.829466609987854 0.01106883001427999
6.851819459336914 0.01100651297973109
6.896338538699103 0.010975437404383724
7.007978372553788 0.010726224560806174
7.08606819690311 0.010580882657246469
7.197625088830712 0.01037325136644689
7.242247845601755 0.01029019885012706
7.342649048336597 0.01010333068840744
7.387271805107638 0.010020278172087609
7.476517318649721 0.009854173139447945
7.565845774118886 0.009646486554030312
7.610468530889927 0.009563434037710481
7.643935598468209 0.009501144650470607
7.69971404443201 0.009397329005070818
7.792664297383832 0.009231233188200834
7.833665256672216 0.009106589903333354
7.8782880134432585 0.009023537387013522
7.922910770214299 0.008940484870693693
7.96753352698534 0.008857432354373862
8.001000594563621 0.008795142967133988
8.056820511490963 0.008670536545345213
8.090246108105703 0.008629037934494325
8.168418874382109 0.00844211447815665
8.21304163115315 0.008359061961836818
8.279975766309713 0.008234483187357072
8.324598523080754 0.008151430671037239
8.369221279851795 0.00806837815471741
8.413844036622834 0.007985325638397578
8.447311104201116 0.007923036251157704
8.525400928550438 0.007777694347597999
8.592335063706999 0.0076531155731182545
8.637020026923352 0.0075388768922149425
8.670424888056322 0.007507773669558548
8.715047644827363 0.007424721153238717
8.770826090791164 0.007320905507838928
8.815448847562205 0.007237852991519097
8.860071604333248 0.0071548004751992664
8.949296382393557 0.006999090830754097
8.982701243526526 0.006967987608097701
9.038479689490327 0.0068641719626979115
9.08310244626137 0.0067811194463780824
9.12772520303241 0.00669806693005825
9.17234795980345 0.006615014413738419
9.21694998109272 0.006542357285613082
9.26153126690022 0.0064800955456822355
9.306174759153032 0.006386647641167913
9.350756044960532 0.006324385901237066
9.395378801731573 0.006241333384917235
9.462250730442822 0.006147940775020967
9.495697062539332 0.006096046775975585
9.551475508503133 0.005992231130575796
9.596077529792403 0.005919574002450459
9.640638080118132 0.005867707650714106
9.685260836889173 0.005784655134394275
9.729883593660212 0.005701602618074444
9.774423408504171 0.005660131654532583
9.818983958829898 0.005608265302796232
9.852430290926408 0.00555637130375085
9.908167265926668 0.005473346434740048
9.95274855173417 0.0054110846948092015
