0.000000000000000000e+00 -2.169528252856295011e-02 -1.738031709935881908e-02
3.627600000000000269e-02 -1.737000645023255296e-02 -1.396207830871411953e-02
7.255200000000000538e-02 -1.396490729709671912e-02 -1.126301746325023001e-02
1.088279999999999942e-01 -1.127772395757892405e-02 -9.130541445650156365e-03
1.451040000000000108e-01 -9.155093610813519120e-03 -7.451162657533105978e-03
1.813800000000000134e-01 -7.472547880445557129e-03 -6.126575752988891281e-03
2.176559999999999884e-01 -6.134512834631059529e-03 -5.075725925143115443e-03
2.539319999999999911e-01 -5.078754285192756124e-03 -4.242949137970012351e-03
2.902080000000000215e-01 -4.240815394375454378e-03 -3.573859378951589703e-03
3.264839999999999964e-01 -3.574020521045886360e-03 -3.026499692008121148e-03
3.627600000000000269e-01 -3.036139323226776706e-03 -2.583008865132585714e-03
3.990360000000000018e-01 -2.600500005984847981e-03 -2.225645709395689380e-03
4.353119999999999767e-01 -2.244876073542506536e-03 -1.940258614935545887e-03
4.715880000000000072e-01 -1.962599577166314942e-03 -1.724153730463771038e-03
5.078639999999999821e-01 -1.742557268967709913e-03 -1.569112809166717248e-03
5.441399999999999570e-01 -1.584749148946375513e-03 -1.460391905070519084e-03
5.804160000000000430e-01 -1.478061969213674076e-03 -1.384910725409497492e-03
6.166920000000000179e-01 -1.402491883569686234e-03 -1.322265347060192853e-03
6.529679999999999929e-01 -1.342480344970016374e-03 -1.261042464440620056e-03
6.892439999999999678e-01 -1.282468806370346947e-03 -1.194074032662659733e-03
7.255200000000000538e-01 -1.215789319037397951e-03 -1.121548976940102372e-03
7.617960000000000287e-01 -1.142441882971169820e-03 -1.049924094296715007e-03
7.980720000000000036e-01 -1.073539746060382183e-03 -9.916906753592688757e-04
8.343479999999999785e-01 -1.020184907049654722e-03 -9.506945342415662166e-04
8.706239999999999535e-01 -9.868781762981612433e-04 -9.340446306887029539e-04
9.069000000000000394e-01 -9.735205150610385955e-04 -9.335795021486075537e-04
9.431760000000000144e-01 -9.734990463424065404e-04 -9.392043196641443456e-04
9.794519999999999893e-01 -9.801992720341670684e-04 -9.488595674181110086e-04
1.015730000000000022e+00 -9.801884637943177308e-04 -9.511384338129170394e-04
1.052000000000000046e+00 -9.801884637943177308e-04 -9.417255128510798818e-04
1.088279999999999914e+00 -9.735205150609583646e-04 -9.286674465816713731e-04
1.124560000000000004e+00 -9.690752159054389411e-04 -9.137423546670753790e-04
1.160830000000000028e+00 -9.624072671722401452e-04 -8.967168589012682349e-04
1.197109999999999896e+00 -9.579619680166404907e-04 -8.828586387840685378e-04
1.233379999999999921e+00 -9.468487201278420404e-04 -8.733123588474283380e-04
1.269660000000000011e+00 -9.335128226612837699e-04 -8.612433716402351138e-04
1.305940000000000101e+00 -9.135089764613687352e-04 -8.475963032327077634e-04
1.342209999999999903e+00 -8.979504294169707388e-04 -8.376610596202290707e-04
1.378489999999999993e+00 -8.890598311060109301e-04 -8.287371215654501608e-04
1.414760000000000018e+00 -8.912824806836927962e-04 -8.285037433597433002e-04
1.451040000000000108e+00 -9.046183781503299966e-04 -8.366942070538167147e-04
1.487319999999999975e+00 -9.268448739279258131e-04 -8.555311622254296823e-04
1.523590000000000000e+00 -9.468487201278420404e-04 -8.731456601291220226e-04
1.559870000000000090e+00 -9.624072671721611068e-04 -8.862481793899734325e-04
1.596139999999999892e+00 -9.668525663277582676e-04 -8.866149165704832269e-04
1.632419999999999982e+00 -9.624072671721599142e-04 -8.721676943150056356e-04
1.668700000000000072e+00 -9.490713697056817662e-04 -8.464960916916492491e-04
1.704970000000000097e+00 -9.357354722390447826e-04 -8.142676728141731105e-04
1.741249999999999964e+00 -9.201769251946467863e-04 -7.893739975432002842e-04
1.777519999999999989e+00 -9.135089764613676510e-04 -7.760381000766421221e-04
1.813800000000000079e+00 -9.112863268836090234e-04 -7.804833992320834831e-04
1.850079999999999947e+00 -9.179542756168870745e-04 -7.980423308965499613e-04
1.886349999999999971e+00 -9.312901730834452366e-04 -8.267145104496580058e-04
1.922630000000000061e+00 -9.535166688611210672e-04 -8.554978224816895110e-04
1.958900000000000086e+00 -9.779658142164777881e-04 -8.760573310759863603e-04
1.995179999999999954e+00 -1.002414959571993778e-03 -8.807248951893540062e-04
2.031460000000000043e+00 -1.020196156194071255e-03 -8.718342968782362293e-04
2.067730000000000068e+00 -1.024641455349669609e-03 -8.506079934106349719e-04
2.104010000000000158e+00 -1.017973506616311544e-03 -8.263811130130463509e-04
2.140280000000000182e+00 -1.004637609149753490e-03 -8.034878223619871824e-04
2.176559999999999828e+00 -9.890790621053539757e-04 -7.937081642197952713e-04
2.212839999999999918e+00 -9.801884637943177308e-04 -7.984868608120080985e-04
2.249109999999999943e+00 -9.868564125275968660e-04 -8.104891685318789483e-04
2.285390000000000033e+00 -1.006860258727512985e-03 -8.271590403651161430e-04
2.321660000000000057e+00 -1.031309404082948744e-03 -8.456070318606558880e-04
2.357940000000000147e+00 -1.060203848593824780e-03 -8.597208566795208487e-04
2.394219999999999793e+00 -1.084652993949257720e-03 -8.654997455816465946e-04
2.430489999999999817e+00 -1.102434190571335198e-03 -8.745014763716089023e-04
2.466769999999999907e+00 -1.113547438460215505e-03 -8.810582926261244967e-04
2.503039999999999932e+00 -1.126883335926773559e-03 -8.832809422037262402e-04
2.539320000000000022e+00 -1.135773934237891553e-03 -8.849479293870262915e-04
2.575600000000000112e+00 -1.144664532548851253e-03 -8.811694251048900976e-04
2.611870000000000136e+00 -1.151332481282209318e-03 -8.698339122583235473e-04
2.648149999999999782e+00 -1.153555130859966428e-03 -8.557200874393774883e-04
2.684419999999999806e+00 -1.153555130859966428e-03 -8.482742113540286694e-04
2.720699999999999896e+00 -1.158000430015485851e-03 -8.478296814384924697e-04
2.756979999999999986e+00 -1.169178138050912382e-03 -8.605462284151970320e-04
2.793250000000000011e+00 -1.191340173681962843e-03 -8.865037840914818121e-04
2.829530000000000101e+00 -1.226902566926197161e-03 -9.236220320402504722e-04
2.865800000000000125e+00 -1.264687609748190973e-03 -9.577397030588736919e-04
2.902080000000000215e+00 -1.302472652570184786e-03 -9.800773313153152318e-04
2.938349999999999795e+00 -1.333589746658896428e-03 -9.900792544154288742e-04
2.974629999999999885e+00 -1.349148293703293124e-03 -9.795216689209320076e-04
3.010909999999999975e+00 -1.351370943281056088e-03 -9.561838483544972097e-04
3.047180000000000000e+00 -1.346925644125536664e-03 -9.352909423234296530e-04
3.083460000000000090e+00 -1.344702994547777170e-03 -9.218439123780268517e-04
3.119730000000000114e+00 -1.346925644125536664e-03 -9.219550448568713825e-04
3.156010000000000204e+00 -1.364706840747693288e-03 -9.441815406345474299e-04
3.192289999999999850e+00 -1.391378635680806360e-03 -9.751875022442573317e-04
3.228559999999999874e+00 -1.429163678502799956e-03 -1.007415921121970152e-03
3.264839999999999964e+00 -1.464726071747037743e-03 -1.042200387013979095e-03
3.301109999999999989e+00 -1.502511114569031556e-03 -1.066316134932644146e-03
3.337390000000000079e+00 -1.533628208657746451e-03 -1.079540899920515854e-03
3.373670000000000169e+00 -1.560300003590941705e-03 -1.084986391385952100e-03
3.409940000000000193e+00 -1.580303849790858041e-03 -1.086319981132560482e-03
3.446219999999999839e+00 -1.595862396835171903e-03 -1.080985622145887344e-03
3.482489999999999863e+00 -1.606975644724049392e-03 -1.078207310173746793e-03
3.518769999999999953e+00 -1.613643593457253500e-03 -1.076762587948138514e-03
3.555050000000000043e+00 -1.622534191768371277e-03 -1.082541476850345250e-03
3.591320000000000068e+00 -1.638092738812689259e-03 -1.093210194823686539e-03
3.627600000000000158e+00 -1.658096585012605378e-03 -1.113880835896907066e-03
3.663870000000000182e+00 -1.686991029523560561e-03 -1.137885451336727695e-03
3.700149999999999828e+00 -1.724776072345550254e-03 -1.166335365932064929e-03
3.736429999999999918e+00 -1.762561115167548187e-03 -1.194229618133105892e-03
3.772699999999999942e+00 -1.798123508411782505e-03 -1.221790472897294399e-03
3.808980000000000032e+00 -1.835908551233776317e-03 -1.244572631069430215e-03
3.845250000000000057e+00 -1.862580346166971788e-03 -1.261131370423822879e-03
3.881530000000000147e+00 -1.882584192366892461e-03 -1.272466883270392465e-03
3.917809999999999793e+00 -1.900365388988960831e-03 -1.273244810622613937e-03
3.954079999999999817e+00 -1.911478636877838319e-03 -1.266465729410490380e-03
3.990359999999999907e+00 -1.918146585611122225e-03 -1.259242118282675798e-03
4.026629999999999932e+00 -1.931482483077680279e-03 -1.258686455888294959e-03
4.062909999999999577e+00 -1.947041030121988503e-03 -1.269688571298242807e-03
4.099190000000000111e+00 -1.969267525899674309e-03 -1.296360366231365420e-03
4.135460000000000136e+00 -2.002607269566148481e-03 -1.336923721025499567e-03
4.171739999999999782e+00 -2.042614961965902223e-03 -1.383710494637613872e-03
4.208009999999999806e+00 -2.082622654365655530e-03 -1.426274234051660593e-03
4.244290000000000340e+00 -2.124852996343247914e-03 -1.457835858055911687e-03
4.280569999999999986e+00 -2.160415389587481798e-03 -1.472616477748080839e-03
4.316840000000000011e+00 -2.184864534942839061e-03 -1.473061007663774898e-03
4.353119999999999656e+00 -2.198200432409464986e-03 -1.462058892253655746e-03
4.389389999999999681e+00 -2.204868381142744554e-03 -1.453723956337076668e-03
4.425670000000000215e+00 -2.209313680298274386e-03 -1.449056392223875339e-03
4.461949999999999861e+00 -2.215981629031632885e-03 -1.462058892253741832e-03
4.498219999999999885e+00 -2.231540176075950434e-03 -1.487397097440170844e-03
4.534500000000000419e+00 -2.258211971009145905e-03 -1.523626285557867213e-03
4.570770000000000444e+00 -2.293774364253379789e-03 -1.560077738633252643e-03
4.607050000000000090e+00 -2.331559407075373819e-03 -1.597640516497399535e-03
4.643329999999999735e+00 -2.369344449897288919e-03 -1.626646093487278070e-03
4.679599999999999760e+00 -2.404906843141602166e-03 -1.650206179011562500e-03
4.715880000000000294e+00 -2.431578638074797204e-03 -1.668209640591408185e-03
4.752150000000000318e+00 -2.453805133852394321e-03 -1.681767803015734447e-03
4.788429999999999964e+00 -2.469363680896791233e-03 -1.691214063721311776e-03
4.824709999999999610e+00 -2.484922227941176003e-03 -1.699104469722346631e-03
4.860979999999999634e+00 -2.493812826252214416e-03 -1.701215986821261704e-03
4.897260000000000169e+00 -2.504926074140946188e-03 -1.704549961187870047e-03
4.933530000000000193e+00 -2.516039322029903040e-03 -1.714329619330060223e-03
4.969809999999999839e+00 -2.533820518651980300e-03 -1.731777418515446140e-03
5.006090000000000373e+00 -2.553824364851817706e-03 -1.757115623702033011e-03
5.042360000000000397e+00 -2.580496159785013177e-03 -1.795789726355099224e-03
5.078640000000000043e+00 -2.616058553029326425e-03 -1.837908935853768038e-03
5.114910000000000068e+00 -2.651620946273481379e-03 -1.878027760732445131e-03
5.151189999999999714e+00 -2.684960689939955986e-03 -1.909144854821238739e-03
5.187470000000000248e+00 -2.711632484873151023e-03 -1.931037953162065149e-03
5.223740000000000272e+00 -2.733858980650748140e-03 -1.937928166853191423e-03
5.260019999999999918e+00 -2.742749578961865917e-03 -1.937039107022119023e-03
5.296289999999999942e+00 -2.749417527695145053e-03 -1.931815880514371839e-03
5.332569999999999588e+00 -2.751640177272890887e-03 -1.929482098457679018e-03
5.368850000000000122e+00 -2.758308126006262830e-03 -1.935038722402127520e-03
5.405120000000000147e+00 -2.767198724317301677e-03 -1.954709171165352078e-03
5.441399999999999793e+00 -2.784979920939379371e-03 -1.984048145591843244e-03
5.477669999999999817e+00 -2.811651715872574408e-03 -2.024833765343824529e-03
5.513950000000000351e+00 -2.842768809961289302e-03 -2.069620154335709891e-03
5.550229999999999997e+00 -2.878331203205523620e-03 -2.109294449298929931e-03
5.586500000000000021e+00 -2.911670946871997793e-03 -2.142300795528633613e-03
