0.4105011933174225  0.0004268666893965205
0.8400954653937944  0.0004013524264120938
1.2696897374701672  0.0003996476872371868
1.6706443914081142  0.0004932946925787045
2.100238663484487  0.0006106375724514168
2.515513126491647  0.0007994658483918629
2.9307875894988067  0.0010121036481418356
3.3603818615751786  0.0012484941470621673
3.7756563245823385  0.0016516081372883289
4.1909307875895  0.002245198317990681
4.606205250596658  0.003172121832026366
5.03579952267303  0.004075178997613367
5.451073985680192  0.0046687691783157195
5.86634844868735  0.0052385498352085485
6.2959427207637235  0.0059987498579384055
6.725536992840095  0.006997045118763498
7.126491646778043  0.007566882600295493
7.556085918854415  0.008827082623025347
7.957040572792363  0.010182634390271627
8.386634844868734  0.011633310603477671
8.816229116945106  0.012822082054778958
9.245823389021481  0.012153710648937385
9.66109785202864  0.011485396067734976
