# visc = 1; Ma = 0.05
#  refinementlevel  i      t         max |u_numeric|  max |error_u|  max |error_rho|   ||error_u||_2   ||error_rho||_2
2 30 0.961912 0.00311211 0.142954 5.49521e-05 0.808716 0.000310822
3 60 0.961912 0.0550687 0.0910272 0.000418072 1.03337 0.00472722
4 120 0.961912 0.12522 0.0209055 0.000339038 0.479343 0.0076569
5 240 0.961912 0.144074 0.00213155 0.000112365 0.0953393 0.00505976
6 480 0.961912 0.146165 0.000358241 3.04867e-05 0.0264959 0.00272237
7 960 0.961912 0.14618 0.000325748 1.34338e-05 0.0566945 0.00194272
8 1920 0.961912 0.146111 0.000300402 1.24625e-05 0.107808 0.00313411


