32 1 5.71726e-01 7.310e-01
32 2 4.62198e-01 6.250e-01
32 3 1.21038e+00 1.539e+00
32 4 9.52687e-03 1.760e-01
32 5 -1.04571e-01 6.250e-01
64 1 7.02890e-01 5.490e-01
64 2 5.81947e-01 4.840e+00
64 3 1.32410e+00 6.990e-01
64 4 2.40119e-01 6.840e-01
64 5 1.28793e-01 3.493e+00
128 1 7.39119e-01 3.237e+00
128 2 6.26304e-01 3.147e+01
128 3 1.34921e+00 2.975e+00
128 4 3.40155e-01 3.508e+00
128 5 2.38502e-01 1.714e+01
256 1 7.61175e-01 1.802e+01
256 2 6.47180e-01 1.065e+02
256 3 1.37071e+00 1.753e+01
256 4 4.01878e-01 2.387e+01
256 5 2.97631e-01 1.194e+02
512 1 7.76625e-01 1.604e+02
512 2 6.61955e-01 7.537e+02
512 3 1.37386e+00 1.286e+02
512 4 4.31123e-01 1.971e+02
512 5 3.26064e-01 1.029e+03
1024 1 -nan 5.633e+01
1024 2 -nan 9.005e+02
1024 3 -nan 1.296e+02
1024 4 -nan 6.152e+01
1024 5 -nan 8.506e+02
