# visc = 1; Ma = 0.05
#  refinementlevel  i      t         max |u_numeric|  max |error_u|  max |error_rho|   ||error_u||_2   ||error_rho||_2
2 20 0.803719 0.0157117 0.184808 0.000341808 1.04641 0.00193283
3 70 0.994551 0.042667 0.0941786 0.000288947 1.06752 0.00326779
4 190 0.954416 0.111546 0.0367374 0.000192019 0.833789 0.00433752
5 540 0.959032 0.139133 0.00776974 4.91837e-05 0.35235 0.00221246
6 1530 0.960695 0.145126 0.00128333 1.0358e-05 0.116151 0.000893263
7 4330 0.961252 0.146062 0.000189325 2.96985e-06 0.0334338 0.000436755
8 12230 0.95991 0.146615 1.87975e-05 2.99392e-07 0.00672267 0.000108313

